
function dx = modelHinfinity(t,x)
A = [0, 1, 0; -0.0004, -1, 1; -0.0004, 0.0004-1, -4];
B = [0;0;1];
K = [3.2733 -4.6626 15.8696];
u = -K*x;
dx = A*x + B*u;